1749276453588 0.4969196319580078 0
1749276454228 0.49895089864730835 1
1749276454861 0.49767857789993286 2
1749276455484 0.49729910492897034 3
1749276456136 0.5009821653366089 4
1749276456762 0.49908483028411865 5
1749276457376 0.49841517210006714 6
1749276457993 0.4994642734527588 7
1749276458614 0.49689731001853943 8
1749276459223 0.4987723231315613 9
1749276459831 0.4934151768684387 10
1749276460441 0.49462053179740906 11
1749276461051 0.49866071343421936 12
1749276461693 0.49935266375541687 13
1749276462337 0.5012276768684387 14
1749276462947 0.501183032989502 15
1749276463559 0.5013169646263123 16
1749276464164 0.5008482336997986 17
1749276464763 0.49950891733169556 18
1749276465362 0.49785715341567993 19
1749276465966 0.49812498688697815 20
1749276466576 0.502544641494751 21
1749276467184 0.500781238079071 22
1749276467796 0.49812498688697815 23
1749276468463 0.5023214221000671 24
1749276469070 0.5029687285423279 25
1749276469674 0.4971874952316284 26
1749276470274 0.4987723231315613 27
1749276470878 0.4945758879184723 28
1749276471487 0.5010044574737549 29
1749276472090 0.49712052941322327 30
1749276472697 0.49687498807907104 31
1749276473300 0.49939730763435364 32
1749276473923 0.5003347992897034 33
1749276474528 0.4996205270290375 34
1749276475140 0.5 35
1749276475745 0.49767857789993286 36
1749276476379 0.49966517090797424 37
1749276476988 0.4965178668498993 38
1749276477593 0.493839293718338 39
1749276478196 0.4978794753551483 40
1749276478794 0.49729910492897034 41
1749276479401 0.49823659658432007 42
1749276480048 0.5010491013526917 43
1749276480655 0.4974776804447174 44
1749276481255 0.49716517329216003 45
1749276481874 0.49953123927116394 46
1749276482475 0.5008258819580078 47
1749276483076 0.5012053847312927 48
1749276483671 0.49796876311302185 49
1749276484270 0.4959598183631897 50
1749276484870 0.4980803430080414 51
1749276485473 0.5022991299629211 52
1749276486072 0.49868303537368774 53
1749276486696 0.49703124165534973 54
1749276487294 0.5018749833106995 55
1749276487919 0.499709814786911 56
1749276488519 0.4992634057998657 57
1749276489116 0.4985044598579407 58
1749276489715 0.496674120426178 59
1749276490310 0.4954017996788025 60
1749276490908 0.4991741180419922 61
1749276491504 0.5015401840209961 62
1749276492101 0.49716517329216003 63
1749276492695 0.5003571510314941 64
1749276493294 0.4967857003211975 65
1749276493887 0.5010268092155457 66
1749276494493 0.49950891733169556 67
1749276495124 0.5015848278999329 68
1749276495725 0.49910715222358704 69
1749276496328 0.4943973124027252 70
1749276496927 0.49881696701049805 71
1749276497544 0.5001785755157471 72
1749276498160 0.4986160695552826 73
1749276498770 0.5032142996788025 74
1749276499369 0.49977678060531616 75
1749276499976 0.502522349357605 76
1749276500574 0.5000892877578735 77
1749276501179 0.49852678179740906 78
1749276501782 0.4964955449104309 79
1749276502380 0.4985937476158142 80
1749276503014 0.5012053847312927 81
1749276503614 0.4983035624027252 82
1749276504221 0.4962276816368103 83
1749276504907 0.49995535612106323 84
1749276505513 0.4996874928474426 85
1749276506112 0.4976116120815277 86
1749276506713 0.49700891971588135 87
1749276507311 0.502745509147644 88
1749276507906 0.49642857909202576 89
1749276508506 0.496674120426178 90
1749276509098 0.4991517961025238 91
1749276509689 0.4992857277393341 92
1749276510282 0.5010714530944824 93
1749276510876 0.5024107098579407 94
1749276511471 0.496383935213089 95
1749276512067 0.5009151697158813 96
1749276512674 0.5006250143051147 97
1749276513270 0.49600446224212646 98
1749276513864 0.495803564786911 99
1749276520063 0.5008571147918701 0
