1749276453588 40.66340255737305 0
1749276454228 0.7102633714675903 1
1749276454861 0.696961522102356 2
1749276455484 0.6931797862052917 3
1749276456136 0.692930281162262 4
1749276456762 0.7971524596214294 5
1749276457376 0.6936143040657043 6
1749276457993 0.6930918097496033 7
1749276458614 0.6930817365646362 8
1749276459223 0.6930200457572937 9
1749276459831 0.6931511759757996 10
1749276460441 0.6931301355361938 11
1749276461051 0.6931349635124207 12
1749276461693 0.7512836456298828 13
1749276462337 0.6935216188430786 14
1749276462947 0.6931148171424866 15
1749276463559 0.6931051015853882 16
1749276464164 0.6931217908859253 17
1749276464763 0.6931182146072388 18
1749276465362 0.693129301071167 19
1749276465966 0.7679351568222046 20
1749276466576 0.6930974125862122 21
1749276467184 0.6931281089782715 22
1749276467796 0.8538572192192078 23
1749276468463 0.6931024789810181 24
1749276469070 0.6930139660835266 25
1749276469674 0.7377822399139404 26
1749276470274 0.6930614113807678 27
1749276470878 0.6930609941482544 28
1749276471487 0.693037748336792 29
1749276472090 0.693053126335144 30
1749276472697 0.6930542588233948 31
1749276473300 0.6930651068687439 32
1749276473923 0.6930367350578308 33
1749276474528 0.6930412650108337 34
1749276475140 0.6930433511734009 35
1749276475745 0.6930528283119202 36
1749276476379 0.69304358959198 37
1749276476988 0.6930474638938904 38
1749276477593 0.6930544376373291 39
1749276478196 0.6930480599403381 40
1749276478794 0.6930448412895203 41
1749276479401 0.6930445432662964 42
1749276480048 0.6930280923843384 43
1749276480655 0.7099155187606812 44
1749276481255 0.6930491924285889 45
1749276481874 0.6930840015411377 46
1749276482475 0.6930391192436218 47
1749276483076 0.6930246949195862 48
1749276483671 0.6930479407310486 49
1749276484270 0.6930456757545471 50
1749276484870 0.6930418014526367 51
1749276485473 0.7016968131065369 52
1749276486072 0.6930453777313232 53
1749276486696 0.693035364151001 54
1749276487294 0.7178685665130615 55
1749276487919 0.7634626030921936 56
1749276488519 0.6930572390556335 57
1749276489116 0.6930456161499023 58
1749276489715 0.6930461525917053 59
1749276490310 0.693058967590332 60
1749276490908 0.6930411458015442 61
1749276491504 0.6930268406867981 62
1749276492101 0.6930707097053528 63
1749276492695 0.6930320262908936 64
1749276493294 0.6930647492408752 65
1749276493887 0.6930553317070007 66
1749276494493 0.6945353150367737 67
1749276495124 0.6930203437805176 68
1749276495725 0.6930286288261414 69
1749276496328 0.6930378675460815 70
1749276496927 0.6945366263389587 71
1749276497544 0.6930413842201233 72
1749276498160 0.693045437335968 73
1749276498770 0.6929631233215332 74
1749276499369 0.6930471658706665 75
1749276499976 0.693011999130249 76
1749276500574 0.6930583119392395 77
1749276501179 0.6930383443832397 78
1749276501782 0.693042516708374 79
1749276502380 0.6930399537086487 80
1749276503014 0.6930352449417114 81
1749276503614 0.6930518746376038 82
1749276504221 0.6930485963821411 83
1749276504907 0.7163640260696411 84
1749276505513 0.6943259239196777 85
1749276506112 0.6930457949638367 86
1749276506713 0.6930445432662964 87
1749276507311 0.6930224895477295 88
1749276507906 0.6930513381958008 89
1749276508506 0.6930562853813171 90
1749276509098 0.6930453777313232 91
1749276509689 0.693043053150177 92
1749276510282 0.6930307745933533 93
1749276510876 0.6930041313171387 94
1749276511471 0.6930501461029053 95
1749276512067 0.6930356025695801 96
1749276512674 0.6930195689201355 97
1749276513270 0.69304358959198 98
1749276513864 0.6930407285690308 99
