1749276279240 0.5008928775787354 0
1749276279864 0.502745509147644 1
1749276280483 0.4980134069919586 2
1749276281107 0.5032142996788025 3
1749276281711 0.5010491013526917 4
1749276282318 0.5001562237739563 5
1749276282923 0.4991517961025238 6
1749276283555 0.49823659658432007 7
1749276284155 0.49712052941322327 8
1749276284759 0.5001785755157471 9
1749276285358 0.4998660683631897 10
1749276285959 0.49870535731315613 11
1749276286559 0.4963616132736206 12
1749276287176 0.4985044598579407 13
1749276287774 0.4982142746448517 14
1749276288380 0.5024999976158142 15
1749276288982 0.499419629573822 16
1749276289588 0.5010937452316284 17
1749276290225 0.4964062571525574 18
1749276290824 0.49645090103149414 19
1749276291422 0.4962053596973419 20
1749276292021 0.4958258867263794 21
1749276292625 0.4993303716182709 22
1749276293224 0.49799108505249023 23
1749276293823 0.5015624761581421 24
1749276294416 0.4981919527053833 25
1749276295014 0.5011160969734192 26
1749276295611 0.49937498569488525 27
1749276296206 0.49870535731315613 28
1749276296804 0.5014062523841858 29
1749276297400 0.49812498688697815 30
1749276298025 0.49687498807907104 31
1749276298622 0.5009598135948181 32
1749276299220 0.49616071581840515 33
1749276299814 0.49908483028411865 34
1749276300414 0.49700891971588135 35
1749276301011 0.5041071176528931 36
1749276301609 0.49868303537368774 37
1749276302201 0.49919643998146057 38
1749276302798 0.4964062571525574 39
1749276303394 0.49950891733169556 40
1749276303993 0.4976339340209961 41
1749276304588 0.5 42
1749276305187 0.5028794407844543 43
1749276305812 0.4999776780605316 44
1749276306406 0.4976562559604645 45
1749276307007 0.49883928894996643 46
1749276307604 0.4979017972946167 47
1749276308206 0.501964271068573 48
1749276308801 0.49712052941322327 49
1749276309398 0.497745543718338 50
1749276309991 0.49738839268684387 51
1749276310587 0.49794644117355347 52
1749276311183 0.5034151673316956 53
1749276311781 0.5003347992897034 54
1749276312374 0.5014285445213318 55
1749276312976 0.5005357265472412 56
1749276313610 0.5010937452316284 57
1749276314259 0.5016741156578064 58
1749276314895 0.5006919503211975 59
1749276315522 0.4992857277393341 60
1749276316151 0.49533483386039734 61
1749276316771 0.4991294741630554 62
1749276317397 0.5016517639160156 63
1749276318112 0.4974776804447174 64
1749276318737 0.4990178644657135 65
1749276319360 0.501941978931427 66
1749276319985 0.4963616132736206 67
1749276320581 0.4944196343421936 68
1749276321177 0.49966517090797424 69
1749276321770 0.49892857670783997 70
1749276322362 0.4952678680419922 71
1749276322962 0.5026562213897705 72
1749276323557 0.49573659896850586 73
1749276324151 0.5012723207473755 74
1749276324745 0.5005133748054504 75
1749276325341 0.4986160695552826 76
1749276325938 0.49703124165534973 77
1749276326533 0.5007143020629883 78
1749276327126 0.4990178644657135 79
1749276327722 0.49712052941322327 80
1749276328346 0.49979910254478455 81
1749276328941 0.4971874952316284 82
1749276329534 0.498035728931427 83
1749276330129 0.49823659658432007 84
1749276330724 0.49602678418159485 85
1749276331332 0.49716517329216003 86
1749276331922 0.49879464507102966 87
1749276332516 0.4985937476158142 88
1749276333108 0.500758945941925 89
1749276333709 0.4960714280605316 90
1749276334302 0.49479910731315613 91
1749276334902 0.5016294717788696 92
1749276335526 0.5006473064422607 93
1749276336125 0.5001339316368103 94
1749276336720 0.5007143020629883 95
1749276337328 0.49991071224212646 96
1749276337921 0.49781250953674316 97
1749276338514 0.4994865953922272 98
1749276339118 0.4959821403026581 99
1749276345328 0.5008571147918701 0
