1749276279240 20.16558837890625 0
1749276279864 0.7118515372276306 1
1749276280483 0.6931076049804688 2
1749276281107 0.6998063325881958 3
1749276281711 0.6969738602638245 4
1749276282318 0.7079898715019226 5
1749276282923 0.6945027112960815 6
1749276283555 0.6931833624839783 7
1749276284155 0.6931542158126831 8
1749276284759 0.6980676054954529 9
1749276285358 0.6930739283561707 10
1749276285959 0.6929729580879211 11
1749276286559 0.6933663487434387 12
1749276287176 0.7252479195594788 13
1749276287774 0.6929805874824524 14
1749276288380 0.695941150188446 15
1749276288982 0.7048211097717285 16
1749276289588 0.6934068202972412 17
1749276290225 0.694182813167572 18
1749276290824 0.7069767713546753 19
1749276291422 0.6931585073471069 20
1749276292021 0.6932937502861023 21
1749276292625 0.7062323689460754 22
1749276293224 0.773945152759552 23
1749276293823 0.6930335164070129 24
1749276294416 0.6930515170097351 25
1749276295014 0.6930307149887085 26
1749276295611 0.6930437088012695 27
1749276296206 0.6930546164512634 28
1749276296804 0.693049430847168 29
1749276297400 0.6930543780326843 30
1749276298025 0.6930427551269531 31
1749276298622 0.6930907368659973 32
1749276299220 0.693040668964386 33
1749276299814 0.6930496096611023 34
1749276300414 0.7091895341873169 35
1749276301011 0.6930063962936401 36
1749276301609 0.7148290872573853 37
1749276302201 0.6930685639381409 38
1749276302798 0.693071186542511 39
1749276303394 0.6930618286132812 40
1749276303993 0.6930901408195496 41
1749276304588 0.6930630207061768 42
1749276305187 0.6930374503135681 43
1749276305812 0.6930462121963501 44
1749276306406 0.6930481195449829 45
1749276307007 0.693053662776947 46
1749276307604 0.6930570602416992 47
1749276308206 0.7183220386505127 48
1749276308801 0.6945217251777649 49
1749276309398 0.6930593252182007 50
1749276309991 0.6930552124977112 51
1749276310587 0.6930257678031921 52
1749276311183 0.6930010914802551 53
1749276311781 0.6930110454559326 54
1749276312374 0.6930251717567444 55
1749276312976 0.6930182576179504 56
1749276313610 0.6930188536643982 57
1749276314259 0.6929981708526611 58
1749276314895 0.6930233836174011 59
1749276315522 0.6930398344993591 60
1749276316151 0.704909086227417 61
1749276316771 0.6930383443832397 62
1749276317397 0.6932405829429626 63
1749276318112 0.6943632364273071 64
1749276318737 0.6930318474769592 65
1749276319360 0.7207620143890381 66
1749276319985 0.6930261850357056 67
1749276320581 0.693034291267395 68
1749276321177 0.6929838061332703 69
1749276321770 0.6930288076400757 70
1749276322362 0.693047046661377 71
1749276322962 0.6930077075958252 72
1749276323557 0.6930528283119202 73
1749276324151 0.6930170059204102 74
1749276324745 0.6930290460586548 75
1749276325341 0.6930245161056519 76
1749276325938 0.7010388970375061 77
1749276326533 0.6930304169654846 78
1749276327126 0.6930454969406128 79
1749276327722 0.6930416822433472 80
1749276328346 0.6930403113365173 81
1749276328941 0.6930477023124695 82
1749276329534 0.693045973777771 83
1749276330129 0.6930398941040039 84
1749276330724 0.6930409073829651 85
1749276331332 0.6930480599403381 86
1749276331922 0.6930429935455322 87
1749276332516 0.6930359601974487 88
1749276333108 0.6930336952209473 89
1749276333709 0.6930426359176636 90
1749276334302 0.6930547952651978 91
1749276334902 0.6947250366210938 92
1749276335526 0.6930518746376038 93
1749276336125 0.6930384039878845 94
1749276336720 0.6930283308029175 95
1749276337328 0.6930237412452698 96
1749276337921 0.69306480884552 97
1749276338514 0.693040668964386 98
1749276339118 0.7337428331375122 99
