1749277078155 0.4989955425262451 0
1749277078780 0.49520090222358704 1
1749277079409 0.4968080222606659 2
1749277080022 0.5006250143051147 3
1749277080656 0.49977678060531616 4
1749277081269 0.5006696581840515 5
1749277081873 0.49868303537368774 6
1749277082504 0.49785715341567993 7
1749277083111 0.5029017925262451 8
1749277083711 0.5008928775787354 9
1749277084330 0.4984374940395355 10
1749277084937 0.49714285135269165 11
1749277085555 0.49979910254478455 12
1749277086170 0.4987500011920929 13
1749277086782 0.5010491013526917 14
1749277087395 0.5019196271896362 15
1749277087997 0.5021428465843201 16
1749277088652 0.49772322177886963 17
1749277089266 0.49785715341567993 18
1749277089870 0.5015848278999329 19
1749277090475 0.5003571510314941 20
1749277091079 0.49939730763435364 21
1749277091687 0.49810266494750977 22
1749277092291 0.49982142448425293 23
1749277092887 0.4997321367263794 24
1749277093490 0.4931696355342865 25
1749277094098 0.4985044598579407 26
1749277094703 0.49770089983940125 27
1749277095300 0.4998437464237213 28
1749277095936 0.49966517090797424 29
1749277096538 0.49772322177886963 30
1749277097139 0.4965401887893677 31
1749277097749 0.49674108624458313 32
1749277098350 0.49879464507102966 33
1749277098951 0.49921876192092896 34
1749277099553 0.496383935213089 35
1749277100154 0.5003347992897034 36
1749277100765 0.49738839268684387 37
1749277101370 0.5009598135948181 38
1749277101971 0.497745543718338 39
1749277102583 0.4976339340209961 40
1749277103219 0.5008482336997986 41
1749277103824 0.4962053596973419 42
1749277104430 0.5035490989685059 43
1749277105047 0.49729910492897034 44
1749277105654 0.49810266494750977 45
1749277106261 0.5016294717788696 46
1749277106866 0.4966517984867096 47
1749277107491 0.4996205270290375 48
1749277108103 0.500022292137146 49
1749277108737 0.4965401887893677 50
1749277109361 0.5010044574737549 51
1749277109989 0.4965178668498993 52
1749277110627 0.5012723207473755 53
1749277111289 0.49627232551574707 54
1749277111916 0.49781250953674316 55
1749277112540 0.5006696581840515 56
1749277113181 0.499709814786911 57
1749277113802 0.49712052941322327 58
1749277114446 0.5032142996788025 59
1749277115087 0.4998437464237213 60
1749277115723 0.5004017949104309 61
1749277116352 0.5010714530944824 62
1749277116984 0.4969642758369446 63
1749277117612 0.499419629573822 64
1749277118282 0.5003794431686401 65
1749277118901 0.4988616108894348 66
1749277119504 0.5007143020629883 67
1749277120107 0.4950892925262451 68
1749277120712 0.503325879573822 69
1749277121314 0.498058021068573 70
1749277121923 0.5046205520629883 71
1749277122525 0.4987500011920929 72
1749277123122 0.49881696701049805 73
1749277123718 0.49953123927116394 74
1749277124320 0.49529018998146057 75
1749277124915 0.4990178644657135 76
1749277125544 0.4983258843421936 77
1749277126153 0.5006919503211975 78
1749277126763 0.4970982074737549 79
1749277127361 0.4980803430080414 80
1749277127965 0.5006250143051147 81
1749277128564 0.4959598183631897 82
1749277129165 0.5021651983261108 83
1749277129769 0.5000446438789368 84
1749277130382 0.4976116120815277 85
1749277130995 0.49977678060531616 86
1749277131605 0.49870535731315613 87
1749277132209 0.49892857670783997 88
1749277132812 0.49919643998146057 89
1749277133414 0.49642857909202576 90
1749277134016 0.5005133748054504 91
1749277134611 0.5013169646263123 92
1749277135208 0.4968080222606659 93
1749277135810 0.49924108386039734 94
1749277136413 0.49854910373687744 95
1749277137027 0.498638391494751 96
1749277137662 0.49600446224212646 97
1749277138264 0.4990178644657135 98
1749277138864 0.5014285445213318 99
1749277145095 0.5008571147918701 0
