1749277078155 48.873435974121094 0
1749277078780 0.7035244703292847 1
1749277079409 0.7301156520843506 2
1749277080022 0.6937165856361389 3
1749277080656 0.6941828727722168 4
1749277081269 0.6934424042701721 5
1749277081873 0.6930583119392395 6
1749277082504 0.6932336688041687 7
1749277083111 0.7234759330749512 8
1749277083711 0.6931542158126831 9
1749277084330 0.6930758953094482 10
1749277084937 0.774297297000885 11
1749277085555 0.7200630903244019 12
1749277086170 0.6931266784667969 13
1749277086782 0.6930673718452454 14
1749277087395 0.6931130290031433 15
1749277087997 0.6930941939353943 16
1749277088652 0.6930603384971619 17
1749277089266 0.7158650159835815 18
1749277089870 0.6930128931999207 19
1749277090475 0.6931671500205994 20
1749277091079 0.6931160092353821 21
1749277091687 0.693091869354248 22
1749277092291 0.7061578035354614 23
1749277092887 0.6931659579277039 24
1749277093490 0.6959487199783325 25
1749277094098 0.6930755376815796 26
1749277094703 0.6930948495864868 27
1749277095300 0.6930854320526123 28
1749277095936 0.6930814385414124 29
1749277096538 0.6931076645851135 30
1749277097139 0.6931082010269165 31
1749277097749 0.6930703520774841 32
1749277098350 0.6930748820304871 33
1749277098951 0.6930867433547974 34
1749277099553 0.6930515766143799 35
1749277100154 0.6930696368217468 36
1749277100765 0.6934407949447632 37
1749277101370 0.6930626630783081 38
1749277101971 0.69305419921875 39
1749277102583 0.8420045971870422 40
1749277103219 0.6930769085884094 41
1749277103824 0.6930418610572815 42
1749277104430 0.6930138468742371 43
1749277105047 0.6930922865867615 44
1749277105654 0.6930527687072754 45
1749277106261 0.6930286288261414 46
1749277106866 0.6930504441261292 47
1749277107491 0.6930703520774841 48
1749277108103 0.9458767175674438 49
1749277108737 0.6931411623954773 50
1749277109361 0.6931241154670715 51
1749277109989 0.6931237578392029 52
1749277110627 0.6931080222129822 53
1749277111289 0.6931279301643372 54
1749277111916 0.6931024193763733 55
1749277112540 0.6930607557296753 56
1749277113181 0.6930665373802185 57
1749277113802 0.6930880546569824 58
1749277114446 0.6930083632469177 59
1749277115087 0.6930520534515381 60
1749277115723 0.6930703520774841 61
1749277116352 0.6930591464042664 62
1749277116984 0.6930606961250305 63
1749277117612 0.6930833458900452 64
1749277118282 0.6930893659591675 65
1749277118901 0.6930381655693054 66
1749277119504 0.6930537819862366 67
1749277120107 0.693075954914093 68
1749277120712 0.6930367350578308 69
1749277121314 0.6930477023124695 70
1749277121923 0.6930330991744995 71
1749277122525 0.6930691003799438 72
1749277123122 0.6930515766143799 73
1749277123718 0.6930689215660095 74
1749277124320 0.693062424659729 75
1749277124915 0.6930744051933289 76
1749277125544 0.6930649876594543 77
1749277126153 0.8195661306381226 78
1749277126763 0.6930602788925171 79
1749277127361 0.6930423378944397 80
1749277127965 0.693065345287323 81
1749277128564 0.6930648684501648 82
1749277129165 0.6930446624755859 83
1749277129769 0.6931599378585815 84
1749277130382 0.692923903465271 85
1749277130995 0.6998705267906189 86
1749277131605 0.6930633783340454 87
1749277132209 0.693055272102356 88
1749277132812 0.6930499076843262 89
1749277133414 0.6930457353591919 90
1749277134016 0.6930283904075623 91
1749277134611 0.6930519938468933 92
1749277135208 0.6930386424064636 93
1749277135810 0.6930555105209351 94
1749277136413 0.6930416226387024 95
1749277137027 0.693869948387146 96
1749277137662 0.6931518316268921 97
1749277138264 0.6946592330932617 98
1749277138864 0.6931304335594177 99
