1749277014000 0.5003125071525574 0
1749277014617 0.4991741180419922 1
1749277015233 0.5018303394317627 2
1749277015863 0.4980134069919586 3
1749277016546 0.49794644117355347 4
1749277017152 0.49991071224212646 5
1749277017803 0.5028794407844543 6
1749277018415 0.5005580186843872 7
1749277019027 0.5004240870475769 8
1749277019631 0.4976339340209961 9
1749277020237 0.5040624737739563 10
1749277020846 0.5016741156578064 11
1749277021445 0.49908483028411865 12
1749277022042 0.49935266375541687 13
1749277022646 0.4983258843421936 14
1749277023243 0.49609375 15
1749277023867 0.5004687309265137 16
1749277024509 0.5000446438789368 17
1749277025102 0.501383900642395 18
1749277025699 0.5047098398208618 19
1749277026292 0.4991517961025238 20
1749277026884 0.49589285254478455 21
1749277027475 0.4961160719394684 22
1749277028066 0.4976339340209961 23
1749277028655 0.49799108505249023 24
1749277029246 0.49852678179740906 25
1749277029839 0.5003347992897034 26
1749277030432 0.4953571557998657 27
1749277031024 0.5001562237739563 28
1749277031646 0.49767857789993286 29
1749277032252 0.5008482336997986 30
1749277032847 0.49700891971588135 31
1749277033452 0.495513379573822 32
1749277034059 0.4984598159790039 33
1749277034650 0.4945982098579407 34
1749277035240 0.5001115798950195 35
1749277035835 0.4975892901420593 36
1749277036424 0.4930133819580078 37
1749277037013 0.49772322177886963 38
1749277037606 0.49939730763435364 39
1749277038222 0.5006919503211975 40
1749277038818 0.500781238079071 41
1749277039411 0.49785715341567993 42
1749277040011 0.4966517984867096 43
1749277040605 0.49828124046325684 44
1749277041199 0.4998883903026581 45
1749277041793 0.49700891971588135 46
1749277042381 0.4983258843421936 47
1749277042971 0.4963616132736206 48
1749277043560 0.49589285254478455 49
1749277044148 0.49712052941322327 50
1749277044734 0.49854910373687744 51
1749277045352 0.4995982050895691 52
1749277045951 0.49770089983940125 53
1749277046557 0.49908483028411865 54
1749277047158 0.49814730882644653 55
1749277047761 0.49754464626312256 56
1749277048365 0.4949776828289032 57
1749277048974 0.5007143020629883 58
1749277049567 0.4989062547683716 59
1749277050159 0.4967857003211975 60
1749277050760 0.49756696820259094 61
1749277051398 0.5018080472946167 62
1749277051996 0.5008705258369446 63
1749277052594 0.49966517090797424 64
1749277053194 0.49993303418159485 65
1749277053793 0.49953123927116394 66
