1749277014000 47.76832580566406 0
1749277014617 0.7160251140594482 1
1749277015233 0.7253660559654236 2
1749277015863 0.7063758969306946 3
1749277016546 0.6949091553688049 4
1749277017152 0.6931633353233337 5
1749277017803 0.6963068246841431 6
1749277018415 0.693017840385437 7
1749277019027 0.9540842175483704 8
1749277019631 0.7272385954856873 9
1749277020237 0.6985854506492615 10
1749277020846 0.6973572969436646 11
1749277021445 0.6931313872337341 12
1749277022042 0.6931314468383789 13
1749277022646 0.7380257844924927 14
1749277023243 0.6930460333824158 15
1749277023867 0.7377477884292603 16
1749277024509 0.6931325197219849 17
1749277025102 0.693109393119812 18
1749277025699 0.6930472254753113 19
1749277026292 0.6930992603302002 20
1749277026884 0.6930602788925171 21
1749277027475 0.6930975317955017 22
1749277028066 0.6930919289588928 23
1749277028655 0.6930884718894958 24
1749277029246 0.6930721402168274 25
1749277029839 0.6932490468025208 26
1749277030432 0.6930750608444214 27
1749277031024 0.6930719017982483 28
1749277031646 0.6937242150306702 29
1749277032252 0.6995498538017273 30
1749277032847 0.6930192112922668 31
1749277033452 0.6986421346664429 32
1749277034059 0.7795986533164978 33
1749277034650 0.6931241750717163 34
1749277035240 0.6931167244911194 35
1749277035835 0.6949177980422974 36
1749277036424 0.6931467056274414 37
1749277037013 0.6930764317512512 38
1749277037606 0.6931161880493164 39
1749277038222 0.6930713057518005 40
1749277038818 0.6930986046791077 41
1749277039411 0.6931101083755493 42
1749277040011 0.6930650472640991 43
1749277040605 0.6930308938026428 44
1749277041199 0.7768441438674927 45
1749277041793 0.708816647529602 46
1749277042381 0.6931338310241699 47
1749277042971 0.6931360960006714 48
1749277043560 0.6931228041648865 49
1749277044148 0.6931255459785461 50
1749277044734 0.6931117177009583 51
1749277045352 0.6931185722351074 52
1749277045951 0.6931361556053162 53
1749277046557 0.7041435241699219 54
1749277047158 0.6932576894760132 55
1749277047761 0.6930546760559082 56
1749277048365 0.693077802658081 57
1749277048974 0.7065627574920654 58
1749277049567 0.6931026577949524 59
1749277050159 0.693544864654541 60
1749277050760 0.6930674314498901 61
1749277051398 0.6930394768714905 62
1749277051996 0.6931112408638 63
1749277052594 0.6930931806564331 64
1749277053194 0.6930609941482544 65
1749277053793 0.6930287480354309 66
