1749282499609 0.5051339268684387 0
1749282500246 0.49587053060531616 1
1749282500869 0.4995758831501007 2
1749282501503 0.4970758855342865 3
1749282502130 0.49866071343421936 4
1749282502756 0.4959374964237213 5
1749282503361 0.5006696581840515 6
1749282503988 0.49823659658432007 7
1749282504599 0.500580370426178 8
1749282505207 0.5010937452316284 9
1749282505816 0.4973437488079071 10
1749282506421 0.4998437464237213 11
1749282507059 0.5018080472946167 12
1749282507684 0.498638391494751 13
1749282508309 0.49714285135269165 14
1749282508946 0.5015401840209961 15
1749282509643 0.4976562559604645 16
1749282510276 0.4975000023841858 17
1749282510908 0.4991294741630554 18
1749282511546 0.496383935213089 19
1749282512169 0.49839285016059875 20
1749282512851 0.4977678656578064 21
1749282513471 0.500602662563324 22
1749282514091 0.49698659777641296 23
1749282514733 0.4986160695552826 24
1749282515373 0.5005580186843872 25
1749282515996 0.498348206281662 26
1749282516616 0.4996874928474426 27
1749282517238 0.4969642758369446 28
1749282517840 0.5014062523841858 29
1749282518444 0.5018080472946167 30
1749282519073 0.4994865953922272 31
1749282519679 0.49881696701049805 32
1749282520293 0.4974776804447174 33
1749282520898 0.4973437488079071 34
1749282521493 0.49964284896850586 35
1749282522087 0.49785715341567993 36
1749282522684 0.5006250143051147 37
1749282523280 0.5014508962631226 38
1749282523879 0.5026562213897705 39
1749282524473 0.4984374940395355 40
1749282525066 0.49991071224212646 41
1749282525677 0.4969642758369446 42
1749282526274 0.49616071581840515 43
1749282526867 0.49825891852378845 44
1749282527466 0.496674120426178 45
1749282528076 0.500602662563324 46
1749282528674 0.4947098195552826 47
1749282529271 0.5003794431686401 48
1749282529880 0.49658483266830444 49
1749282530491 0.49908483028411865 50
1749282531083 0.5001339316368103 51
1749282531669 0.49799108505249023 52
1749282532258 0.4970758855342865 53
1749282532844 0.4990178644657135 54
1749282533438 0.499419629573822 55
1749282534027 0.49950891733169556 56
1749282534617 0.49924108386039734 57
1749282535237 0.4975892901420593 58
1749282535830 0.5000669360160828 59
1749282536459 0.5004240870475769 60
1749282537130 0.4983035624027252 61
1749282537759 0.49883928894996643 62
1749282538356 0.5002901554107666 63
1749282538947 0.501160740852356 64
1749282539536 0.49935266375541687 65
1749282540145 0.5015178322792053 66
1749282540735 0.49685266613960266 67
1749282541328 0.497455358505249 68
1749282541915 0.49852678179740906 69
1749282542503 0.4975223243236542 70
1749282543101 0.498638391494751 71
1749282543691 0.4994419515132904 72
1749282544279 0.49703124165534973 73
1749282544869 0.4987723231315613 74
1749282545495 0.49799108505249023 75
1749282546094 0.5020312666893005 76
1749282546686 0.4971874952316284 77
1749282547277 0.495513379573822 78
1749282547872 0.5032365918159485 79
1749282548460 0.49924108386039734 80
1749282549049 0.497745543718338 81
1749282549640 0.49689731001853943 82
1749282550228 0.49575892090797424 83
1749282550832 0.5006919503211975 84
1749282551422 0.49754464626312256 85
1749282552011 0.49712052941322327 86
1749282552603 0.5022544860839844 87
1749282553190 0.500022292137146 88
1749282553778 0.49881696701049805 89
1749282554365 0.4984821379184723 90
1749282554954 0.498348206281662 91
1749282555557 0.5010044574737549 92
1749282556154 0.49772322177886963 93
1749282556746 0.5036607384681702 94
1749282557341 0.5018973350524902 95
1749282557933 0.5000446438789368 96
1749282558542 0.5005133748054504 97
1749282559136 0.5022321343421936 98
1749282559729 0.4989062547683716 99
1749282565969 0.49964284896850586 0
