1749282499609 45.82737350463867 0
1749282500246 0.696800708770752 1
1749282500869 0.6937727928161621 2
1749282501503 0.7106819152832031 3
1749282502130 0.6945282220840454 4
1749282502756 0.693287193775177 5
1749282503361 0.703916609287262 6
1749282503988 0.6930524110794067 7
1749282504599 0.6938581466674805 8
1749282505207 0.6956660151481628 9
1749282505816 0.6930676698684692 10
1749282506421 0.693129301071167 11
1749282507059 0.693110466003418 12
1749282507684 0.6930294632911682 13
1749282508309 0.7401891946792603 14
1749282508946 0.6931997537612915 15
1749282509643 0.6932546496391296 16
1749282510276 0.6932968497276306 17
1749282510908 0.6930506825447083 18
1749282511546 0.6930893659591675 19
1749282512169 0.6930699944496155 20
1749282512851 0.6977607607841492 21
1749282513471 0.6930302381515503 22
1749282514091 0.6930757164955139 23
1749282514733 0.6930281519889832 24
1749282515373 0.6930240392684937 25
1749282515996 0.6930270195007324 26
1749282516616 0.6930310130119324 27
1749282517238 0.6930333971977234 28
1749282517840 0.6930314302444458 29
1749282518444 0.6930021643638611 30
1749282519073 0.7116338610649109 31
1749282519679 0.6931021809577942 32
1749282520293 0.6930456757545471 33
1749282520898 0.7004379034042358 34
1749282521493 0.6930357813835144 35
1749282522087 0.6930550932884216 36
1749282522684 0.6930439472198486 37
1749282523280 0.6930271983146667 38
1749282523879 0.693037748336792 39
1749282524473 0.6930442452430725 40
1749282525066 0.6930375695228577 41
1749282525677 0.6930412650108337 42
1749282526274 0.6930438876152039 43
1749282526867 0.693045973777771 44
1749282527466 0.6930481195449829 45
1749282528076 0.6930357813835144 46
1749282528674 0.6930440664291382 47
1749282529271 0.6930269598960876 48
1749282529880 0.6930459141731262 49
1749282530491 0.6930393576622009 50
1749282531083 0.6930479407310486 51
1749282531669 0.6930493116378784 52
1749282532258 0.6930489540100098 53
1749282532844 0.6930380463600159 54
1749282533438 0.7680792212486267 55
1749282534027 0.6930286884307861 56
1749282534617 0.6930394768714905 57
1749282535237 0.6930481195449829 58
1749282535830 0.6930410265922546 59
1749282536459 0.6930356025695801 60
1749282537130 0.6930476427078247 61
1749282537759 0.6930410265922546 62
1749282538356 0.6930381059646606 63
1749282538947 0.6930318474769592 64
1749282539536 0.6930424571037292 65
1749282540145 0.693021833896637 66
1749282540735 0.6930492520332336 67
1749282541328 0.6930301785469055 68
1749282541915 0.693056046962738 69
1749282542503 0.6930591464042664 70
1749282543101 0.6930401921272278 71
1749282543691 0.6930388808250427 72
1749282544279 0.6930508017539978 73
1749282544869 0.6930397748947144 74
1749282545495 0.6930422186851501 75
1749282546094 0.7217049598693848 76
1749282546686 0.6930354833602905 77
1749282547277 0.6930322647094727 78
1749282547872 0.6929976940155029 79
1749282548460 0.6930476427078247 80
1749282549049 0.6930223107337952 81
1749282549640 0.6930286288261414 82
1749282550228 0.6930479407310486 83
1749282550832 0.6930102109909058 84
1749282551422 0.6930257081985474 85
1749282552011 0.693032443523407 86
1749282552603 0.6930114030838013 87
1749282553190 0.6930080652236938 88
1749282553778 0.6930250525474548 89
1749282554365 0.6930269002914429 90
1749282554954 0.6930195689201355 91
1749282555557 0.6930286884307861 92
1749282556154 0.6930304169654846 93
1749282556746 0.6930058598518372 94
1749282557341 0.7356540560722351 95
1749282557933 0.6930729150772095 96
1749282558542 0.6930198669433594 97
1749282559136 0.6930146217346191 98
1749282559729 0.6930407881736755 99
