1749282834551 0.4968303442001343 0
1749282835182 0.500022292137146 1
1749282835783 0.5015178322792053 2
1749282836405 0.5014508962631226 3
1749282837026 0.4993303716182709 4
1749282837651 0.4979017972946167 5
1749282838250 0.4979241192340851 6
1749282838872 0.4963616132736206 7
1749282839464 0.49993303418159485 8
1749282840059 0.4969196319580078 9
1749282840656 0.4983035624027252 10
1749282841255 0.4984598159790039 11
1749282841855 0.49841517210006714 12
1749282842457 0.500758945941925 13
1749282843083 0.5016294717788696 14
1749282843686 0.5005133748054504 15
1749282844360 0.5000892877578735 16
1749282844975 0.49700891971588135 17
1749282845589 0.5003794431686401 18
1749282846196 0.5028125047683716 19
1749282846789 0.5000669360160828 20
1749282847381 0.4981919527053833 21
1749282847975 0.49881696701049805 22
1749282848584 0.49879464507102966 23
1749282849195 0.49714285135269165 24
1749282849792 0.5016294717788696 25
1749282850384 0.49627232551574707 26
1749282850976 0.5015848278999329 27
1749282851569 0.49814730882644653 28
1749282852165 0.5009598135948181 29
1749282852754 0.49689731001853943 30
1749282853367 0.49299106001853943 31
1749282853963 0.49506697058677673 32
1749282854553 0.4981919527053833 33
1749282855143 0.49953123927116394 34
1749282855734 0.4966517984867096 35
1749282856323 0.4990401864051819 36
1749282856914 0.49756696820259094 37
1749282857506 0.49828124046325684 38
1749282858100 0.4991741180419922 39
1749282858710 0.4977901875972748 40
1749282859302 0.5002455115318298 41
1749282859895 0.5009151697158813 42
1749282860541 0.49837052822113037 43
1749282861175 0.4962276816368103 44
1749282861795 0.5027901530265808 45
1749282862416 0.5002901554107666 46
1749282863036 0.498058021068573 47
1749282863670 0.4984598159790039 48
1749282864284 0.49921876192092896 49
1749282864903 0.49587053060531616 50
1749282865516 0.49604910612106323 51
1749282866161 0.5014508962631226 52
1749282866782 0.4994419515132904 53
1749282867406 0.498638391494751 54
1749282868034 0.49546873569488525 55
1749282868681 0.4992634057998657 56
1749282869294 0.4994419515132904 57
1749282869952 0.5019866228103638 58
1749282870564 0.4984821379184723 59
1749282871166 0.49935266375541687 60
1749282871777 0.498058021068573 61
1749282872377 0.4961160719394684 62
1749282872981 0.4991741180419922 63
1749282873577 0.49895089864730835 64
1749282874192 0.5021651983261108 65
1749282874786 0.4945758879184723 66
1749282875380 0.4980803430080414 67
1749282875971 0.49609375 68
1749282876559 0.496674120426178 69
1749282877158 0.5028794407844543 70
1749282877754 0.5023214221000671 71
1749282878468 0.5011160969734192 72
1749282879101 0.4969419538974762 73
1749282879749 0.49841517210006714 74
1749282880390 0.4980134069919586 75
1749282881002 0.496674120426178 76
1749282881597 0.49921876192092896 77
1749282882214 0.49743303656578064 78
1749282882824 0.49770089983940125 79
1749282883426 0.4989955425262451 80
1749282884035 0.498035728931427 81
1749282884709 0.5023884177207947 82
1749282885307 0.5016294717788696 83
1749282885903 0.49756696820259094 84
1749282886496 0.4959821403026581 85
1749282887092 0.49854910373687744 86
1749282887688 0.49698659777641296 87
1749282888285 0.5013169646263123 88
1749282888876 0.49881696701049805 89
1749282889484 0.500022292137146 90
1749282890075 0.5005580186843872 91
1749282890669 0.4990178644657135 92
1749282891266 0.5019196271896362 93
1749282891859 0.4994419515132904 94
1749282892513 0.5004687309265137 95
1749282893154 0.49906250834465027 96
1749282893743 0.4993080496788025 97
1749282894352 0.4988839328289032 98
1749282894943 0.498035728931427 99
1749282900182 0.5008571147918701 0
