1749282834551 32.285484313964844 0
1749282835182 0.7182504534721375 1
1749282835783 0.6971016526222229 2
1749282836405 0.6949223279953003 3
1749282837026 0.6934695243835449 4
1749282837651 0.7355272769927979 5
1749282838250 0.6931807398796082 6
1749282838872 0.7567259669303894 7
1749282839464 0.6931302547454834 8
1749282840059 0.6931139230728149 9
1749282840656 0.6930859088897705 10
1749282841255 0.6931053996086121 11
1749282841855 0.6931164264678955 12
1749282842457 0.6931365132331848 13
1749282843083 0.6930590271949768 14
1749282843686 0.6931193470954895 15
1749282844360 0.6931196451187134 16
1749282844975 0.7478724122047424 17
1749282845589 0.6931738257408142 18
1749282846196 0.6931437253952026 19
1749282846789 0.6931584477424622 20
1749282847381 0.6931700706481934 21
1749282847975 0.6931854486465454 22
1749282848584 0.693163275718689 23
1749282849195 0.6931614875793457 24
1749282849792 0.6931692361831665 25
1749282850384 0.6931820511817932 26
1749282850976 0.6931843161582947 27
1749282851569 0.6931849718093872 28
1749282852165 0.6931678056716919 29
1749282852754 0.693194568157196 30
1749282853367 0.6931739449501038 31
1749282853963 0.693189799785614 32
1749282854553 0.6931798458099365 33
1749282855143 0.6931766867637634 34
1749282855734 0.6931784152984619 35
1749282856323 0.6931803226470947 36
1749282856914 0.693187415599823 37
1749282857506 0.6931565403938293 38
1749282858100 0.6931706666946411 39
1749282858710 0.6931670904159546 40
1749282859302 0.6931573152542114 41
1749282859895 0.6931791305541992 42
1749282860541 0.6931791305541992 43
1749282861175 0.6931841373443604 44
1749282861795 0.6931412220001221 45
1749282862416 0.6931684613227844 46
1749282863036 0.6931937336921692 47
1749282863670 0.6931611895561218 48
1749282864284 0.6931730508804321 49
1749282864903 0.6931893229484558 50
1749282865516 0.6931832432746887 51
1749282866161 0.693176805973053 52
1749282866782 0.6931803822517395 53
1749282867406 0.6931792497634888 54
1749282868034 0.6931612491607666 55
1749282868681 0.6931858062744141 56
1749282869294 0.693157970905304 57
1749282869952 0.6931542754173279 58
1749282870564 0.6931644678115845 59
1749282871166 0.693177342414856 60
1749282871777 0.6931957602500916 61
1749282872377 0.6931713819503784 62
1749282872981 0.6931748986244202 63
1749282873577 0.6931771039962769 64
1749282874192 0.6931474804878235 65
1749282874786 0.6931720972061157 66
1749282875380 0.6931666135787964 67
1749282875971 0.6931861639022827 68
1749282876559 0.693185031414032 69
1749282877158 0.6931707859039307 70
1749282877754 0.6931169033050537 71
1749282878468 0.6931781768798828 72
1749282879101 0.6931732892990112 73
1749282879749 0.6931852698326111 74
1749282880390 0.6931625604629517 75
1749282881002 0.6931894421577454 76
1749282881597 0.6931724548339844 77
1749282882214 0.6931737661361694 78
1749282882824 0.6931770443916321 79
1749282883426 0.6931909322738647 80
1749282884035 0.6931707859039307 81
1749282884709 0.6931391954421997 82
1749282885307 0.6931639313697815 83
1749282885903 0.6931796669960022 84
1749282886496 0.6931663751602173 85
1749282887092 0.6931610703468323 86
1749282887688 0.693185567855835 87
1749282888285 0.6931745409965515 88
1749282888876 0.6931732892990112 89
1749282889484 0.6931745409965515 90
1749282890075 0.6931820511817932 91
1749282890669 0.6931700706481934 92
1749282891266 0.6931399703025818 93
1749282891859 0.6931792497634888 94
1749282892513 0.6931641697883606 95
1749282893154 0.693157434463501 96
1749282893743 0.6931750774383545 97
1749282894352 0.6931571960449219 98
1749282894943 0.6931737065315247 99
